 FFTW
 Box :         128         128         128
 Walltime =   585.60991600000000     
 FFTW
 Box :         128         128         128
 Walltime =   118.25134900000000     
 FFTW
 Box :         128         128         128
 Walltime =   206.32615999999999     
