 FFTW
 Box :          64          64          64
 Walltime =   1977.0641900000001     
 FFTW
 Box :          64          64          64
 Walltime =   2389.9314139999997     
 FFTW
 Box :          64          64          64
 Walltime =   1267.3363749999999     
